,generations,population,(p,d,q),(P,D,Q),AIC
0,10,10,(0, 0, 3),(2, 0, 1, 12),-142.96665406702465
1,10,10,(0, 0, 3),(2, 0, 1, 12),-142.96665406702465
2,10,10,(0, 0, 1),(2, 0, 3, 12),-141.43564968349503
3,10,10,(0, 0, 1),(2, 0, 3, 12),-141.43564968349503
4,10,10,(0, 1, 3),(2, 0, 1, 12),-138.0165145912765

0,10,10,(4, 0, 7),(0, 1, 1, 12),-151.0308005666589
1,10,10,(4, 0, 8),(0, 1, 1, 12),-150.64839358490553
2,10,10,(8, 0, 8),(0, 1, 1, 12),-149.08279793037184
3,10,10,(7, 1, 8),(0, 1, 1, 12),-144.94748540463215
4,10,10,(3, 1, 8),(0, 1, 1, 12),-144.35002220591076

5,10,50,(11, 0, 11),(0, 0, 0, 12),-153.00368217496379
6,10,50,(11, 0, 11),(0, 0, 0, 12),-153.00368217496379
7,10,50,(9, 0, 6),(0, 1, 1, 12),-145.7100459947404
8,10,50,(5, 0, 4),(1, 1, 2, 12),-145.0233073481721
9,10,50,(4, 0, 0),(1, 1, 1, 12),-144.47668743366347

5,10,50,(1, 0, 0),(1, 1, 2, 12),-155.14297866440066
6,10,50,(1, 0, 0),(0, 1, 1, 12),-152.84207138796725
7,10,50,(1, 0, 1),(0, 1, 1, 12),-152.28013672945073
8,10,50,(1, 0, 1),(0, 1, 1, 12),-152.28013672945073
9,10,50,(1, 0, 1),(0, 1, 1, 12),-152.28013672945073

10,10,100,(0, 0, 1),(1, 0, 1, 12),-156.64611196801349
11,10,100,(1, 0, 1),(1, 0, 1, 12),-156.0596223111495
12,10,100,(1, 0, 1),(2, 0, 2, 12),-156.01802552083666
13,10,100,(1, 0, 1),(2, 0, 2, 12),-156.01802552083666
14,10,100,(1, 0, 0),(1, 1, 2, 12),-155.14297866440066

10,10,100,(1, 0, 0),(1, 0, 1, 12),-159.49666862558888
11,10,100,(2, 0, 0),(1, 0, 1, 12),-156.1018972778936
12,10,100,(7, 0, 0),(1, 1, 2, 12),-153.42803079106778
13,10,100,(3, 0, 5),(2, 0, 2, 12),-150.4637068465255
14,10,100,(8, 0, 1),(1, 1, 2, 12),-149.04363898531608

15,10,200,(2, 0, 2),(1, 0, 1, 12),-152.01037753172966
16,10,200,(7, 0, 0),(2, 0, 2, 12),-151.52876393916125
17,10,200,(4, 0, 0),(1, 1, 2, 12),-150.59630034909378
18,10,200,(6, 0, 10),(0, 0, 0, 12),-147.72414616717288
19,10,200,(1, 0, 0),(2, 0, 3, 12),-147.69303122655901

15,10,200,(0, 0, 3),(2, 0, 2, 12),-156.90810414867758
16,10,200,(0, 0, 3),(2, 0, 2, 12),-156.90810414867758
17,10,200,(0, 0, 3),(2, 0, 2, 12),-156.90810414867758
18,10,200,(0, 0, 4),(2, 0, 2, 12),-155.50692235661887
19,10,200,(0, 0, 4),(2, 0, 2, 12),-155.50692235661887

20,10,300,(9, 0, 9),(0, 0, 0, 12),-159.02295195373372
21,10,300,(0, 0, 1),(1, 0, 1, 12),-156.64611196801349
22,10,300,(1, 0, 2),(2, 0, 2, 12),-154.04192562856764
23,10,300,(2, 0, 1),(2, 0, 2, 12),-153.40721879528377
24,10,300,(0, 0, 5),(2, 0, 2, 12),-151.4702243028855

25,10,400,(6, 0, 1),(1, 1, 2, 12),-151.77661040541193
26,10,400,(2, 0, 2),(2, 0, 2, 12),-150.94589022534512
27,10,400,(8, 0, 1),(1, 1, 2, 12),-149.04363898531608
28,10,400,(1, 1, 3),(1, 0, 1, 12),-147.16629797599632
29,10,400,(0, 0, 2),(1, 1, 1, 12),-146.19361891394587

25,10,400,(11, 1, 1),(0, 0, 1, 12),-158.3263057345294
26,10,400,(10, 0, 9),(0, 0, 0, 12),-157.39315451925307
27,10,400,(0, 0, 3),(2, 0, 2, 12),-156.90810414867758
28,10,400,(3, 0, 0),(1, 0, 1, 12),-152.6282418271963
29,10,400,(8, 0, 0),(1, 1, 2, 12),-151.8268483022207

30,10,500,(0, 0, 2),(2, 0, 2, 12),-156.10285321532496
31,10,500,(1, 0, 1),(2, 0, 2, 12),-156.01802552083666
32,10,500,(11, 1, 2),(0, 0, 1, 12),-155.17551292528609
33,10,500,(0, 0, 2),(1, 0, 1, 12),-154.0588709473746
34,10,500,(11, 1, 1),(1, 0, 2, 12),-153.94319215353323

30,10,500,(9, 0, 9),(0, 0, 0, 12),-159.02295195373372
31,10,500,(2, 0, 0),(2, 0, 2, 12),-156.2980143299007
32,10,500,(7, 0, 0),(1, 1, 2, 12),-153.42803079106778
33,10,500,(1, 1, 1),(2, 0, 2, 12),-152.55419447915259
34,10,500,(1, 0, 5),(2, 0, 2, 12),-152.19320369542194

-------------------------------------------------------------------
35,20,10,(1, 0, 0),(2, 0, 2, 12),-157.86456320697278
36,20,10,(1, 0, 0),(2, 0, 2, 12),-157.86456320697278
37,20,10,(1, 0, 0),(2, 0, 2, 12),-157.86456320697278
38,20,10,(1, 0, 0),(2, 0, 2, 12),-157.86456320697278
39,20,10,(1, 0, 0),(2, 0, 2, 12),-157.86456320697278

35,20,10,(11, 1, 1),(1, 0, 2, 12),-153.94319215353323
36,20,10,(11, 1, 1),(1, 0, 2, 12),-153.94319215353323
37,20,10,(11, 1, 1),(1, 0, 2, 12),-153.94319215353323
38,20,10,(11, 1, 1),(1, 0, 2, 12),-153.94319215353323
39,20,10,(11, 1, 1),(1, 0, 1, 12),-147.9490434613749

40,20,50,(1, 0, 0),(2, 0, 2, 12),-157.86456320697278
41,20,50,(2, 0, 0),(2, 0, 2, 12),-156.2980143299007
42,20,50,(2, 0, 0),(2, 0, 2, 12),-156.2980143299007
43,20,50,(1, 0, 1),(1, 0, 1, 12),-156.0596223111495
44,20,50,(1, 0, 1),(1, 0, 1, 12),-156.0596223111495

45,20,100,(6, 0, 7),(0, 0, 0, 12),-159.69823039208103
46,20,100,(9, 0, 9),(0, 0, 0, 12),-159.02295195373372
47,20,100,(9, 0, 9),(0, 0, 0, 12),-159.02295195373372
48,20,100,(1, 0, 0),(2, 0, 2, 12),-157.86456320697278
49,20,100,(1, 0, 0),(2, 0, 2, 12),-157.86456320697278

50,20,200,(1, 0, 0),(2, 0, 2, 12),-157.86456320697278
51,20,200,(1, 0, 0),(2, 0, 2, 12),-157.86456320697278
52,20,200,(1, 0, 0),(2, 0, 2, 12),-157.86456320697278
53,20,200,(1, 0, 0),(2, 0, 2, 12),-157.86456320697278
54,20,200,(1, 0, 0),(2, 0, 2, 12),-157.86456320697278


55,20,300,(1, 0, 0),(1, 0, 1, 12),-159.49666862558888
56,20,300,(1, 0, 0),(2, 0, 2, 12),-157.86456320697278
57,20,300,(0, 0, 3),(2, 0, 2, 12),-156.90810414867758
58,20,300,(0, 0, 3),(2, 0, 2, 12),-156.90810414867758
59,20,300,(0, 0, 1),(1, 0, 1, 12),-156.64611196801349

60,20,400,(1, 0, 0),(1, 0, 1, 12),-159.49666862558888
61,20,400,(1, 0, 0),(1, 0, 1, 12),-159.49666862558888
62,20,400,(1, 0, 0),(1, 0, 1, 12),-159.49666862558888
63,20,400,(1, 0, 0),(1, 0, 1, 12),-159.49666862558888
64,20,400,(1, 0, 0),(2, 0, 2, 12),-157.86456320697278

65,20,500,(1, 0, 0),(2, 0, 2, 12),-157.86456320697278
66,20,500,(0, 0, 3),(2, 0, 2, 12),-156.90810414867758
67,20,500,(0, 0, 3),(2, 0, 2, 12),-156.90810414867758
68,20,500,(2, 0, 0),(2, 0, 2, 12),-156.2980143299007
69,20,500,(2, 0, 0),(2, 0, 2, 12),-156.2980143299007
-------------------------------------------------------------------
70,50,10,(1, 0, 0),(2, 0, 2, 12),-157.86456320697278
71,50,10,(1, 0, 0),(2, 0, 2, 12),-157.86456320697278
72,50,10,(1, 0, 0),(2, 0, 2, 12),-157.86456320697278
73,50,10,(1, 0, 0),(2, 0, 2, 12),-157.86456320697278
74,50,10,(1, 0, 0),(2, 1, 2, 12),-153.908062551554


75,50,50,"(1, 0, 0)","(1, 0, 1, 12)",-159.49666862558888
76,50,50,"(1, 0, 0)","(1, 0, 1, 12)",-159.49666862558888
77,50,50,"(1, 0, 0)","(1, 0, 1, 12)",-159.49666862558888
78,50,50,"(1, 0, 0)","(1, 0, 1, 12)",-159.49666862558888
79,50,50,"(1, 0, 0)","(1, 0, 1, 12)",-159.49666862558888

80,50,100,(1, 0, 0),(1, 0, 1, 12),-159.49666862558888
81,50,100,(1, 0, 0),(1, 0, 1, 12),-159.49666862558888
82,50,100,(1, 0, 0),(1, 0, 1, 12),-159.49666862558888
83,50,100,(1, 0, 0),(1, 0, 1, 12),-159.49666862558888
84,50,100,(1, 0, 0),(1, 0, 1, 12),-159.49666862558888

85,50,200,(9, 0, 8),(0, 0, 0, 12),-161.65747548647533
86,50,200,(9, 0, 8),(0, 0, 0, 12),-161.65747548647533
87,50,200,(9, 0, 8),(0, 0, 0, 12),-161.65747548647533
88,50,200,(9, 0, 8),(0, 0, 0, 12),-161.65747548647533
89,50,200,(9, 0, 8),(0, 0, 0, 12),-161.65747548647533

90,50,300,"(1, 0, 0)","(1, 0, 1, 12)",-159.49666862558888
91,50,300,"(1, 0, 0)","(1, 0, 1, 12)",-159.49666862558888
92,50,300,"(1, 0, 0)","(1, 0, 1, 12)",-159.49666862558888
93,50,300,"(1, 0, 0)","(2, 0, 2, 12)",-157.86456320697278
94,50,300,"(1, 0, 0)","(2, 0, 2, 12)",-157.86456320697278


95,50,400,"(6, 0, 7)","(0, 0, 0, 12)",-159.69823039208103
96,50,400,"(6, 0, 7)","(0, 0, 0, 12)",-159.69823039208103
97,50,400,"(1, 0, 0)","(1, 0, 1, 12)",-159.49666862558888
98,50,400,"(1, 0, 0)","(1, 0, 1, 12)",-159.49666862558888
99,50,400,"(1, 0, 0)","(1, 0, 1, 12)",-159.49666862558888

95,50,400,"(1, 0, 0)","(1, 0, 1, 12)",-159.49666862558888
96,50,400,"(1, 0, 0)","(1, 0, 1, 12)",-159.49666862558888
97,50,400,"(1, 0, 0)","(1, 0, 1, 12)",-159.49666862558888
98,50,400,"(1, 0, 0)","(1, 0, 1, 12)",-159.49666862558888
99,50,400,"(1, 0, 0)","(2, 0, 2, 12)",-157.86456320697278

100,50,500,"(1, 0, 0)","(1, 0, 1, 12)",-159.49666862558888
101,50,500,"(1, 0, 0)","(2, 0, 2, 12)",-157.86456320697278
102,50,500,"(1, 0, 0)","(2, 0, 2, 12)",-157.86456320697278
103,50,500,"(1, 0, 0)","(2, 0, 2, 12)",-157.86456320697278
104,50,500,"(1, 0, 0)","(2, 0, 2, 12)",-157.86456320697278
-------------------------------------------------------------------
105,100,10,(9, 0, 8),(0, 0, 0, 12),-161.65747548647533
106,100,10,(9, 0, 8),(0, 0, 0, 12),-161.65747548647533
107,100,10,(9, 0, 8),(0, 0, 0, 12),-161.65747548647533
108,100,10,(9, 0, 8),(0, 0, 0, 12),-161.65747548647533
109,100,10,(9, 1, 3),(0, 0, 0, 12),-130.35004522743117


110,100,50,"(1, 0, 0)","(1, 0, 1, 12)",-159.49666862558888
111,100,50,"(1, 0, 0)","(1, 0, 1, 12)",-159.49666862558888
112,100,50,"(1, 0, 0)","(2, 0, 2, 12)",-157.86456320697278
113,100,50,"(1, 0, 0)","(2, 0, 2, 12)",-157.86456320697278
114,100,50,"(1, 0, 0)","(2, 0, 2, 12)",-157.86456320697278


115,100,100,"(1, 0, 0)","(1, 0, 1, 12)",-159.49666862558888
116,100,100,"(1, 0, 0)","(1, 0, 1, 12)",-159.49666862558888
117,100,100,"(1, 0, 0)","(1, 0, 1, 12)",-159.49666862558888
118,100,100,"(1, 0, 0)","(1, 0, 1, 12)",-159.49666862558888
119,100,100,"(1, 0, 0)","(1, 0, 1, 12)",-159.49666862558888

120,100,200,"(1, 0, 0)","(1, 0, 1, 12)",-159.49666862558888
121,100,200,"(1, 0, 0)","(1, 0, 1, 12)",-159.49666862558888
122,100,200,"(1, 0, 0)","(1, 0, 1, 12)",-159.49666862558888
123,100,200,"(1, 0, 0)","(1, 0, 1, 12)",-159.49666862558888
124,100,200,"(1, 0, 0)","(1, 0, 1, 12)",-159.49666862558888

125,100,300,"(1, 0, 0)","(1, 0, 1, 12)",-159.49666862558888
126,100,300,"(1, 0, 0)","(1, 0, 1, 12)",-159.49666862558888
127,100,300,"(1, 0, 0)","(1, 0, 1, 12)",-159.49666862558888
128,100,300,"(1, 0, 0)","(1, 0, 1, 12)",-159.49666862558888
129,100,300,"(1, 0, 0)","(1, 0, 1, 12)",-159.49666862558888

130,100,400,"(1, 0, 0)","(1, 0, 1, 12)",-159.49666862558888
131,100,400,"(1, 0, 0)","(1, 0, 1, 12)",-159.49666862558888
132,100,400,"(1, 0, 0)","(1, 0, 1, 12)",-159.49666862558888
133,100,400,"(1, 0, 0)","(1, 0, 1, 12)",-159.49666862558888
134,100,400,"(1, 0, 0)","(1, 0, 1, 12)",-159.49666862558888

135,100,500,"(9, 0, 8)","(0, 0, 0, 12)",-161.65747548647533
136,100,500,"(9, 0, 8)","(0, 0, 0, 12)",-161.65747548647533
137,100,500,"(9, 0, 8)","(0, 0, 0, 12)",-161.65747548647533
138,100,500,"(9, 0, 8)","(0, 0, 0, 12)",-161.65747548647533
139,100,500,"(9, 0, 8)","(0, 0, 0, 12)",-161.65747548647533
---------------------------------------------------------------------
140,200,10,"(0, 0, 3)","(2, 0, 2, 12)",-156.90810414867758
141,200,10,"(0, 0, 3)","(2, 0, 2, 12)",-156.90810414867758
142,200,10,"(0, 0, 3)","(2, 0, 2, 12)",-156.90810414867758
143,200,10,"(0, 0, 3)","(2, 0, 2, 12)",-156.90810414867758
144,200,10,"(0, 1, 3)","(2, 0, 2, 12)",-149.70974124674075

145,200,50,"(9, 0, 8)","(0, 0, 0, 12)",-161.65747548647533
146,200,50,"(9, 0, 8)","(0, 0, 0, 12)",-161.65747548647533
147,200,50,"(9, 0, 8)","(0, 0, 0, 12)",-161.65747548647533
148,200,50,"(9, 0, 8)","(0, 0, 0, 12)",-161.65747548647533
149,200,50,"(9, 0, 8)","(0, 0, 0, 12)",-161.65747548647533

150,200,100,"(9, 0, 8)","(0, 0, 0, 12)",-161.65747548647533
151,200,100,"(6, 0, 7)","(0, 0, 0, 12)",-159.69823039208103
152,200,100,"(6, 0, 7)","(0, 0, 0, 12)",-159.69823039208103
153,200,100,"(6, 0, 7)","(0, 0, 0, 12)",-159.69823039208103
154,200,100,"(6, 0, 7)","(0, 0, 0, 12)",-159.69823039208103

155,200,200,"(1, 0, 0)","(1, 0, 1, 12)",-159.49666862558888
156,200,200,"(1, 0, 0)","(1, 0, 1, 12)",-159.49666862558888
157,200,200,"(1, 0, 0)","(1, 0, 1, 12)",-159.49666862558888
158,200,200,"(1, 0, 0)","(1, 0, 1, 12)",-159.49666862558888
159,200,200,"(1, 0, 0)","(1, 0, 1, 12)",-159.49666862558888

160,200,300,"(1, 0, 0)","(1, 0, 1, 12)",-159.49666862558888
161,200,300,"(1, 0, 0)","(1, 0, 1, 12)",-159.49666862558888
162,200,300,"(1, 0, 0)","(1, 0, 1, 12)",-159.49666862558888
163,200,300,"(1, 0, 0)","(1, 0, 1, 12)",-159.49666862558888
164,200,300,"(1, 0, 0)","(1, 0, 1, 12)",-159.49666862558888

165,200,400,"(9, 0, 8)","(0, 0, 0, 12)",-161.65747548647533
166,200,400,"(9, 0, 8)","(0, 0, 0, 12)",-161.65747548647533
167,200,400,"(9, 0, 8)","(0, 0, 0, 12)",-161.65747548647533
168,200,400,"(9, 0, 8)","(0, 0, 0, 12)",-161.65747548647533
169,200,400,"(9, 0, 8)","(0, 0, 0, 12)",-161.65747548647533

170,200,500,"(1, 0, 0)","(1, 0, 1, 12)",-159.49666862558888
171,200,500,"(1, 0, 0)","(1, 0, 1, 12)",-159.49666862558888
172,200,500,"(1, 0, 0)","(1, 0, 1, 12)",-159.49666862558888
173,200,500,"(1, 0, 0)","(1, 0, 1, 12)",-159.49666862558888
174,200,500,"(1, 0, 0)","(1, 0, 1, 12)",-159.49666862558888