,generations,population,"(p,d,q)","(P,D,Q)",AIC,Time
0,10,10,"(0, 1, 8)","(2, 0, 2, 12)",-149.5245524470083,1192.0586876869202
1,10,10,"(0, 1, 5)","(2, 0, 2, 12)",-149.29325550157145,1192.0586876869202
2,10,10,"(0, 1, 5)","(2, 0, 2, 12)",-149.29325550157145,1192.0586876869202
3,10,10,"(0, 1, 5)","(1, 1, 2, 12)",-144.723736021856,1192.0586876869202
4,10,10,"(0, 1, 5)","(3, 0, 2, 12)",-138.86738387593323,1192.0586876869202
5,10,50,"(1, 0, 2)","(2, 0, 2, 12)",-154.04192562856764,9410.12153673172
6,10,50,"(1, 1, 1)","(2, 0, 2, 12)",-152.55419447915259,9410.12153673172
7,10,50,"(1, 1, 1)","(2, 0, 2, 12)",-152.55419447915259,9410.12153673172
8,10,50,"(1, 0, 7)","(2, 0, 2, 12)",-152.3993213585867,9410.12153673172
9,10,50,"(1, 0, 7)","(2, 0, 2, 12)",-152.3993213585867,9410.12153673172
10,10,100,"(0, 0, 3)","(2, 0, 2, 12)",-156.90810414867758,22615.712672948837
11,10,100,"(0, 0, 2)","(2, 0, 2, 12)",-156.10285321532496,22615.712672948837
12,10,100,"(12, 1, 2)","(0, 0, 1, 12)",-155.87449262923104,22615.712672948837
13,10,100,"(12, 1, 2)","(0, 0, 1, 12)",-155.87449262923104,22615.712672948837
14,10,100,"(0, 0, 4)","(2, 0, 2, 12)",-155.50692235661887,22615.712672948837
15,10,200,"(1, 0, 0)","(2, 0, 2, 12)",-157.86456320697278,39723.027159929276
16,10,200,"(0, 0, 7)","(2, 0, 2, 12)",-153.62286755594627,39723.027159929276
17,10,200,"(8, 0, 5)","(1, 0, 1, 12)",-152.55371283462148,39723.027159929276
18,10,200,"(0, 0, 1)","(0, 1, 1, 12)",-152.4374870348741,39723.027159929276
19,10,200,"(0, 0, 5)","(2, 0, 2, 12)",-151.4702243028855,39723.027159929276
20,10,300,"(1, 0, 0)","(1, 0, 1, 12)",-159.49666862558888,63318.76463460922
21,10,300,"(0, 0, 3)","(2, 0, 2, 12)",-156.90810414867758,63318.76463460922
22,10,300,"(2, 0, 0)","(2, 0, 2, 12)",-156.2980143299007,63318.76463460922
23,10,300,"(2, 0, 0)","(2, 0, 2, 12)",-156.2980143299007,63318.76463460922
24,10,300,"(1, 0, 1)","(2, 0, 2, 12)",-156.01802552083666,63318.76463460922
25,10,400,"(1, 0, 0)","(1, 0, 1, 12)",-159.49666862558888,108862.66336917877
26,10,400,"(1, 0, 0)","(2, 0, 2, 12)",-157.86456320697278,108862.66336917877
27,10,400,"(0, 0, 3)","(2, 0, 2, 12)",-156.90810414867758,108862.66336917877
28,10,400,"(1, 0, 1)","(2, 0, 2, 12)",-156.01802552083666,108862.66336917877
29,10,400,"(4, 0, 1)","(2, 0, 2, 12)",-153.84085998314953,108862.66336917877
30,10,500,"(11, 1, 1)","(0, 0, 1, 12)",-158.3263057345294,123527.19400048256
31,10,500,"(1, 0, 0)","(2, 0, 2, 12)",-157.86456320697278,123527.19400048256
32,10,500,"(1, 0, 0)","(2, 0, 2, 12)",-157.86456320697278,123527.19400048256
33,10,500,"(0, 0, 3)","(2, 0, 2, 12)",-156.90810414867758,123527.19400048256
34,10,500,"(1, 0, 1)","(2, 0, 2, 12)",-156.01802552083666,123527.19400048256
-----------------------------------------------------------------------------------------
35,20,10,"(10, 1, 12)","(0, 0, 0, 12)",-155.5310785770224,4298.267432928085
36,20,10,"(10, 0, 12)","(0, 0, 0, 12)",-151.106068846969,4298.267432928085
37,20,10,"(10, 0, 12)","(0, 0, 0, 12)",-151.106068846969,4298.267432928085
38,20,10,"(10, 0, 12)","(0, 0, 0, 12)",-151.106068846969,4298.267432928085
39,20,10,"(10, 0, 11)","(0, 0, 0, 12)",-147.07533509926162,4298.267432928085
40,20,50,"(0, 0, 3)","(2, 0, 2, 12)",-156.90810414867758,26526.81853914261
41,20,50,"(0, 0, 3)","(2, 0, 2, 12)",-156.90810414867758,26526.81853914261
42,20,50,"(0, 0, 3)","(2, 0, 2, 12)",-156.90810414867758,26526.81853914261
43,20,50,"(0, 0, 3)","(2, 0, 2, 12)",-156.90810414867758,26526.81853914261
44,20,50,"(0, 0, 3)","(2, 0, 2, 12)",-156.90810414867758,26526.81853914261
45,20,100,"(1, 0, 0)","(1, 0, 1, 12)",-159.49666862558888,42989.67333126068
46,20,100,"(2, 0, 0)","(1, 0, 1, 12)",-156.1018972778936,42989.67333126068
47,20,100,"(5, 0, 0)","(2, 0, 2, 12)",-155.9331003981355,42989.67333126068
48,20,100,"(1, 0, 0)","(1, 1, 2, 12)",-155.14297866440066,42989.67333126068
49,20,100,"(1, 0, 0)","(1, 1, 2, 12)",-155.14297866440066,42989.67333126068
50,20,200,"(12, 0, 1)","(0, 0, 1, 12)",-159.62067581547842,87386.32341599464
51,20,200,"(11, 1, 1)","(0, 0, 1, 12)",-158.3263057345294,87386.32341599464
52,20,200,"(0, 0, 3)","(2, 0, 2, 12)",-156.90810414867758,87386.32341599464
53,20,200,"(0, 0, 3)","(2, 0, 2, 12)",-156.90810414867758,87386.32341599464
54,20,200,"(0, 0, 3)","(2, 0, 2, 12)",-156.90810414867758,87386.32341599464
55,20,300,"(1, 0, 0)","(2, 0, 2, 12)",-157.86456320697278,125372.39655256271
56,20,300,"(1, 0, 0)","(2, 0, 2, 12)",-157.86456320697278,125372.39655256271
57,20,300,"(1, 0, 0)","(2, 0, 2, 12)",-157.86456320697278,125372.39655256271
58,20,300,"(1, 0, 0)","(2, 0, 2, 12)",-157.86456320697278,125372.39655256271
59,20,300,"(1, 0, 0)","(2, 0, 2, 12)",-157.86456320697278,125372.39655256271
60,20,400,"(12, 0, 2)","(0, 0, 1, 12)",-157.0517033087487,257082.51227998734
61,20,400,"(12, 0, 2)","(0, 0, 1, 12)",-157.0517033087487,257082.51227998734
62,20,400,"(0, 0, 1)","(1, 0, 1, 12)",-156.64611196801349,257082.51227998734
63,20,400,"(9, 0, 10)","(0, 0, 0, 12)",-156.1046178744794,257082.51227998734
64,20,400,"(2, 0, 0)","(1, 0, 1, 12)",-156.1018972778936,257082.51227998734
65,20,500,"(12, 0, 0)","(0, 0, 1, 12)",-156.18597034539818,275981.24368810654
66,20,500,"(9, 0, 10)","(0, 0, 0, 12)",-156.1046178744794,275981.24368810654
67,20,500,"(1, 0, 1)","(1, 0, 1, 12)",-156.0596223111495,275981.24368810654
68,20,500,"(1, 0, 1)","(2, 0, 2, 12)",-156.01802552083666,275981.24368810654
69,20,500,"(1, 0, 1)","(2, 0, 2, 12)",-156.01802552083666,275981.24368810654
-----------------------------------------------------------------------------------------
70,50,10,"(1, 0, 0)","(2, 0, 2, 12)",-157.86456320697278,6115.3078780174255
71,50,10,"(1, 0, 0)","(2, 0, 2, 12)",-157.86456320697278,6115.3078780174255
72,50,10,"(1, 0, 0)","(2, 0, 2, 12)",-157.86456320697278,6115.3078780174255
73,50,10,"(1, 0, 0)","(2, 0, 2, 12)",-157.86456320697278,6115.3078780174255
74,50,10,"(1, 0, 0)","(2, 0, 2, 12)",-157.86456320697278,6115.3078780174255
75,50,50,"(12, 1, 0)","(0, 0, 1, 12)",-159.62155215479248,33305.31391978264
76,50,50,"(12, 1, 0)","(0, 0, 1, 12)",-159.62155215479248,33305.31391978264
77,50,50,"(12, 1, 0)","(0, 0, 1, 12)",-159.62155215479248,33305.31391978264
78,50,50,"(12, 1, 0)","(0, 0, 1, 12)",-159.62155215479248,33305.31391978264
79,50,50,"(12, 1, 0)","(0, 0, 1, 12)",-159.62155215479248,33305.31391978264
80,50,100,"(1, 0, 0)","(1, 0, 1, 12)",-159.49666862558888,59665.79244041443
81,50,100,"(1, 0, 0)","(1, 0, 1, 12)",-159.49666862558888,59665.79244041443
82,50,100,"(1, 0, 0)","(1, 0, 1, 12)",-159.49666862558888,59665.79244041443
83,50,100,"(1, 0, 0)","(1, 0, 1, 12)",-159.49666862558888,59665.79244041443
84,50,100,"(1, 0, 0)","(1, 0, 1, 12)",-159.49666862558888,59665.79244041443
85,50,200,"(9, 0, 8)","(0, 0, 0, 12)",-161.65747548647533,153263.91948771477
86,50,200,"(1, 0, 0)","(1, 0, 1, 12)",-159.49666862558888,153263.91948771477
87,50,200,"(1, 0, 0)","(1, 0, 1, 12)",-159.49666862558888,153263.91948771477
88,50,200,"(1, 0, 0)","(1, 0, 1, 12)",-159.49666862558888,153263.91948771477
89,50,200,"(1, 0, 0)","(1, 0, 1, 12)",-159.49666862558888,153263.91948771477
90,50,300,"(1, 0, 0)","(1, 0, 1, 12)",-159.49666862558888,203063.54811811447
91,50,300,"(1, 0, 0)","(1, 0, 1, 12)",-159.49666862558888,203063.54811811447
92,50,300,"(1, 0, 0)","(1, 0, 1, 12)",-159.49666862558888,203063.54811811447
93,50,300,"(1, 0, 0)","(1, 0, 1, 12)",-159.49666862558888,203063.54811811447
94,50,300,"(1, 0, 0)","(1, 0, 1, 12)",-159.49666862558888,203063.54811811447
95,50,400,"(6, 0, 7)","(0, 0, 0, 12)",-159.69823039208103,296578.28807902336
96,50,400,"(6, 0, 7)","(0, 0, 0, 12)",-159.69823039208103,296578.28807902336
97,50,400,"(6, 0, 7)","(0, 0, 0, 12)",-159.69823039208103,296578.28807902336
98,50,400,"(1, 0, 0)","(1, 0, 1, 12)",-159.49666862558888,296578.28807902336
99,50,400,"(1, 0, 0)","(1, 0, 1, 12)",-159.49666862558888,296578.28807902336
100,50,500,"(9, 0, 8)","(0, 0, 0, 12)",-161.65747548647533,357234.8152830601
101,50,500,"(9, 0, 8)","(0, 0, 0, 12)",-161.65747548647533,357234.8152830601
102,50,500,"(9, 0, 8)","(0, 0, 0, 12)",-161.65747548647533,357234.8152830601
103,50,500,"(9, 0, 8)","(0, 0, 0, 12)",-161.65747548647533,357234.8152830601
104,50,500,"(9, 0, 8)","(0, 0, 0, 12)",-161.65747548647533,357234.8152830601
-----------------------------------------------------------------------------------------
105,100,10,"(5, 0, 2)","(3, 1, 3, 12)",-147.28937314107924,17360.7413084507
106,100,10,"(5, 0, 2)","(3, 1, 3, 12)",-147.28937314107924,17360.7413084507
107,100,10,"(5, 0, 2)","(3, 1, 3, 12)",-147.28937314107924,17360.7413084507
108,100,10,"(5, 0, 2)","(3, 1, 3, 12)",-147.28937314107924,17360.7413084507
109,100,10,"(5, 0, 2)","(3, 1, 3, 12)",-147.28937314107924,17360.7413084507
110,100,50,"(1, 0, 0)","(1, 0, 1, 12)",-159.49666862558888,46532.382642269135
111,100,50,"(1, 0, 0)","(1, 0, 1, 12)",-159.49666862558888,46532.382642269135
112,100,50,"(1, 0, 0)","(1, 0, 1, 12)",-159.49666862558888,46532.382642269135
113,100,50,"(1, 0, 0)","(1, 0, 1, 12)",-159.49666862558888,46532.382642269135
114,100,50,"(1, 0, 0)","(1, 0, 1, 12)",-159.49666862558888,46532.382642269135
115,100,100,"(12, 1, 0)","(0, 0, 1, 12)",-159.62155215479248,140572.46735048294
116,100,100,"(12, 1, 0)","(0, 0, 1, 12)",-159.62155215479248,140572.46735048294
117,100,100,"(12, 1, 0)","(0, 0, 1, 12)",-159.62155215479248,140572.46735048294
118,100,100,"(12, 1, 0)","(0, 0, 1, 12)",-159.62155215479248,140572.46735048294
119,100,100,"(12, 1, 0)","(0, 0, 1, 12)",-159.62155215479248,140572.46735048294
120,100,200,"(1, 0, 0)","(1, 0, 1, 12)",-159.49666862558888,160563.2010061741
121,100,200,"(1, 0, 0)","(1, 0, 1, 12)",-159.49666862558888,160563.2010061741
122,100,200,"(1, 0, 0)","(1, 0, 1, 12)",-159.49666862558888,160563.2010061741
123,100,200,"(1, 0, 0)","(1, 0, 1, 12)",-159.49666862558888,160563.2010061741
124,100,200,"(1, 0, 0)","(1, 0, 1, 12)",-159.49666862558888,160563.2010061741
125,100,300,"(12, 1, 0)","(0, 0, 1, 12)",-159.62155215479248,394516.99453139305
126,100,300,"(12, 1, 0)","(0, 0, 1, 12)",-159.62155215479248,394516.99453139305
127,100,300,"(12, 1, 0)","(0, 0, 1, 12)",-159.62155215479248,394516.99453139305
128,100,300,"(12, 1, 0)","(0, 0, 1, 12)",-159.62155215479248,394516.99453139305
129,100,300,"(12, 1, 0)","(0, 0, 1, 12)",-159.62155215479248,394516.99453139305
130,100,400,"(1, 0, 0)","(1, 0, 1, 12)",-159.49666862558888,392129.0138306618
131,100,400,"(1, 0, 0)","(1, 0, 1, 12)",-159.49666862558888,392129.0138306618
132,100,400,"(1, 0, 0)","(1, 0, 1, 12)",-159.49666862558888,392129.0138306618
133,100,400,"(1, 0, 0)","(1, 0, 1, 12)",-159.49666862558888,392129.0138306618
134,100,400,"(1, 0, 0)","(1, 0, 1, 12)",-159.49666862558888,392129.0138306618
135,100,500,"(1, 0, 0)","(1, 0, 1, 12)",-159.49666862558888,466989.36495661736
136,100,500,"(1, 0, 0)","(1, 0, 1, 12)",-159.49666862558888,466989.36495661736
137,100,500,"(1, 0, 0)","(1, 0, 1, 12)",-159.49666862558888,466989.36495661736
138,100,500,"(1, 0, 0)","(1, 0, 1, 12)",-159.49666862558888,466989.36495661736
139,100,500,"(1, 0, 0)","(1, 0, 1, 12)",-159.49666862558888,466989.36495661736
-----------------------------------------------------------------------------------------
140,200,10,"(1, 0, 0)","(1, 0, 1, 12)",-159.49666862558888,15505.609254360199
141,200,10,"(1, 0, 0)","(1, 0, 1, 12)",-159.49666862558888,15505.609254360199
142,200,10,"(1, 0, 0)","(1, 0, 1, 12)",-159.49666862558888,15505.609254360199
143,200,10,"(1, 0, 0)","(1, 0, 1, 12)",-159.49666862558888,15505.609254360199
144,200,10,"(1, 0, 0)","(1, 0, 1, 12)",-159.49666862558888,15505.609254360199
145,200,50,"(1, 0, 0)","(2, 0, 2, 12)",-157.86456320697278,91219.47748041153
146,200,50,"(1, 0, 0)","(2, 0, 2, 12)",-157.86456320697278,91219.47748041153
147,200,50,"(1, 0, 0)","(2, 0, 2, 12)",-157.86456320697278,91219.47748041153
148,200,50,"(1, 0, 0)","(2, 0, 2, 12)",-157.86456320697278,91219.47748041153
149,200,50,"(1, 0, 0)","(2, 0, 2, 12)",-157.86456320697278,91219.47748041153
150,200,100,"(1, 0, 0)","(1, 0, 1, 12)",-159.49666862558888,149313.51872706413
151,200,100,"(1, 0, 0)","(1, 0, 1, 12)",-159.49666862558888,149313.51872706413
152,200,100,"(1, 0, 0)","(1, 0, 1, 12)",-159.49666862558888,149313.51872706413
153,200,100,"(1, 0, 0)","(1, 0, 1, 12)",-159.49666862558888,149313.51872706413
154,200,100,"(1, 0, 0)","(1, 0, 1, 12)",-159.49666862558888,149313.51872706413
155,200,200,"(12, 1, 0)","(0, 0, 1, 12)",-159.62155215479248,456316.2904808521
156,200,200,"(12, 1, 0)","(0, 0, 1, 12)",-159.62155215479248,456316.2904808521
157,200,200,"(12, 1, 0)","(0, 0, 1, 12)",-159.62155215479248,456316.2904808521
158,200,200,"(12, 1, 0)","(0, 0, 1, 12)",-159.62155215479248,456316.2904808521
159,200,200,"(12, 1, 0)","(0, 0, 1, 12)",-159.62155215479248,456316.2904808521
160,200,300,"(12, 1, 0)","(0, 0, 1, 12)",-159.62155215479248,638555.0288417339
161,200,300,"(12, 1, 0)","(0, 0, 1, 12)",-159.62155215479248,638555.0288417339
162,200,300,"(12, 1, 0)","(0, 0, 1, 12)",-159.62155215479248,638555.0288417339
163,200,300,"(12, 1, 0)","(0, 0, 1, 12)",-159.62155215479248,638555.0288417339
164,200,300,"(12, 1, 0)","(0, 0, 1, 12)",-159.62155215479248,638555.0288417339